1000
99 92 73
9 70 2
59 72 79
61 88 67
13 66 1
10 33 21
8 13 21
67 10 77
7 54 41
52 56 84
84 1 80
45 4 63
16 96 54
50 96 59
38 6 39
10 36 76
40 5 31
33 36 11
80 5 56
8 58 1
73 91 41
24 100 35
87 66 72
0 89 69
61 89 91
82 98 10
96 95 29
41 26 27
93 8 68
1 52 5
58 63 62
25 85 66
35 45 55
85 12 5
34 67 6
74 92 31
2 36 39
84 75 56
53 66 72
98 100 65
20 18 1
86 25 64
45 61 96
70 25 2
26 91 40
84 70 75
95 53 33
72 36 27
55 58 79
60 4 61
65 77 89
17 75 28
74 32 16
83 98 82
6 90 7
19 57 99
89 48 39
76 84 67
67 45 63
80 53 38
56 44 57
91 22 82
49 86 5
68 94 26
50 66 61
94 30 1
8 100 13
2 86 38
38 36 53
61 55 7
95 29 87
32 15 55
2 64 93
57 75 18
45 39 5
57 87 8
15 74 4
19 8 1
46 13 67
100 35 40
13 78 5
6 74 32
0 99 43
61 63 52
4 38 5
2 42 20
100 89 76
78 28 15
36 4 21
85 16 71
25 17 18
25 43 87
19 41 36
17 81 100
66 20 11
85 2 99
5 36 8
91 77 4
67 95 83
30 57 67
42 65 78
10 19 4
60 5 38
6 26 84
6 56 93
27 5 38
66 17 16
17 43 82
47 53 21
49 34 10
23 1 19
16 43 68
82 35 76
79 4 33
3 38 18
20 46 39
56 1 93
17 8 18
32 71 93
55 94 1
84 95 42
24 64 84
91 54 60
67 19 16
73 44 1
74 35 78
24 29 11
88 64 68
66 75 25
47 68 48
33 29 79
17 6 40
47 27 8
95 95 17
64 81 11
93 62 100
84 98 25
69 62 92
20 24 95
14 12 58
9 67 78
16 79 40
61 58 61
65 42 19
37 87 64
82 2 69
28 81 52
72 68 30
89 21 73
98 85 38
49 48 55
38 3 52
51 34 61
45 54 78
93 85 66
47 66 68
100 23 20
91 35 47
0 30 70
45 83 96
31 11 66
64 76 28
36 65 62
24 1 68
8 34 45
65 46 89
21 94 36
100 47 93
59 78 24
46 100 56
18 66 28
54 99 95
41 48 10
95 21 59
95 52 21
31 32 20
31 43 35
17 89 70
92 38 94
48 77 79
94 29 61
15 48 19
31 90 6
70 100 38
79 40 83
97 24 78
99 77 4
79 48 76
39 81 80
6 68 91
70 59 36
55 37 9
63 47 47
35 29 87
97 58 73
14 72 37
78 28 94
22 4 96
99 58 92
10 55 4
93 94 28
48 69 67
38 42 11
60 81 24
98 23 27
88 93 40
31 9 89
24 57 38
11 83 30
82 19 81
18 95 60
79 70 92
48 59 23
75 31 59
15 70 53
11 73 54
52 20 71
13 9 38
13 64 55
38 13 28
46 74 16
35 55 63
77 21 90
67 88 33
33 70 76
90 24 63
43 47 33
7 13 96
47 25 9
93 37 34
2 96 76
85 84 21
72 96 80
25 18 17
100 54 94
23 66 83
99 97 98
11 99 88
32 96 39
42 93 80
82 87 30
76 7 28
54 72 3
100 31 11
29 42 62
23 79 47
81 38 43
100 98 41
2 9 3
43 30 26
100 37 76
51 66 33
59 30 95
6 12 13
1 74 53
57 71 100
91 88 3
85 96 27
67 5 11
79 13 6
29 36 86
84 79 77
17 55 29
47 1 94
46 60 87
11 72 92
39 62 18
89 80 24
4 62 87
28 37 95
20 73 91
31 30 58
55 94 27
90 58 66
90 67 82
81 58 33
54 84 33
44 31 91
52 44 12
44 60 67
32 94 82
88 17 100
39 12 84
21 6 39
17 46 54
52 91 16
82 32 14
28 100 1
1 73 59
53 77 48
16 66 92
52 10 20
58 27 76
74 83 52
37 2 41
84 24 17
12 55 55
51 76 26
74 27 60
26 54 1
12 8 16
44 52 32
5 20 37
57 76 70
36 60 91
16 58 42
59 19 85
65 18 82
68 23 60
90 72 20
13 94 70
68 63 40
22 41 17
79 6 20
23 7 3
70 87 37
84 18 41
92 10 71
82 42 37
100 1 1
32 77 66
87 37 36
60 100 78
22 2 57
1 7 59
89 99 82
64 70 73
0 55 55
38 4 40
66 16 67
71 28 11
68 23 92
12 25 45
32 46 61
100 60 84
34 78 21
38 20 36
72 73 82
44 88 41
57 38 52
28 14 70
50 36 93
87 20 40
74 3 72
8 61 41
34 10 100
97 61 94
67 77 35
31 10 68
40 67 34
22 54 16
13 42 34
57 66 7
30 25 5
55 82 21
22 42 25
3 8 88
75 93 5
5 100 52
23 21 97
21 81 30
4 90 64
1 97 39
42 13 34
94 73 33
54 47 14
9 77 77
85 73 67
80 2 41
4 99 34
32 60 75
0 39 48
59 75 32
17 2 33
86 41 9
95 23 15
9 3 8
54 70 59
44 35 57
69 77 100
43 82 18
61 85 22
30 17 52
69 91 72
12 71 89
71 76 48
77 61 9
67 54 42
66 98 21
73 67 79
36 42 44
20 62 88
76 82 99
84 5 4
63 39 40
52 27 3
6 36 66
39 62 100
53 85 73
28 11 21
0 68 90
45 94 28
76 9 32
11 45 47
43 58 83
43 24 79
77 89 85
53 100 79
78 56 13
1 69 27
74 9 58
76 5 76
20 94 40
67 45 84
5 19 45
66 89 30
74 35 91
80 80 99
13 62 100
44 65 58
84 74 99
60 68 69
77 83 32
49 60 88
7 38 80
49 22 17
7 29 92
79 20 6
14 58 26
14 78 60
80 32 67
50 20 90
82 77 39
64 96 55
99 62 71
40 32 40
73 9 85
75 71 84
75 2 67
100 6 94
14 84 31
3 98 22
25 24 95
75 18 61
33 6 28
5 74 9
14 36 81
4 8 40
84 79 64
49 97 30
1 90 31
87 70 20
90 16 86
12 24 3
7 83 47
44 5 97
55 99 81
67 94 53
25 74 22
16 10 4
20 46 23
11 97 8
17 36 76
30 65 81
96 28 17
91 59 33
89 74 71
41 32 82
85 85 34
62 24 38
83 88 33
98 22 42
73 60 73
44 52 32
100 45 18
5 85 97
29 81 85
48 100 7
47 2 34
84 53 47
53 48 15
31 9 91
51 26 61
77 76 20
65 77 76
32 27 27
44 33 42
17 31 57
87 12 14
8 7 32
18 13 17
38 15 17
7 52 70
12 85 59
95 20 58
79 31 94
48 16 37
58 16 65
23 7 39
66 69 9
95 92 84
51 9 46
42 35 78
99 92 60
34 26 6
55 93 15
46 13 25
34 54 33
72 17 12
96 23 25
41 20 71
100 31 47
1 23 57
91 25 16
34 59 57
38 68 94
89 42 1
9 76 39
78 3 72
95 24 55
32 47 87
23 68 11
28 88 81
0 20 21
58 18 38
32 14 83
98 87 25
85 86 56
70 72 24
2 57 53
17 69 21
42 4 54
32 43 54
33 61 4
100 91 18
46 69 58
96 31 25
62 90 75
8 44 91
10 22 55
34 72 75
23 35 44
23 3 100
45 3 87
55 68 37
54 84 77
46 71 15
47 66 45
46 4 73
100 6 31
75 63 74
38 100 15
89 8 11
3 31 48
85 68 41
33 34 86
54 98 4
43 48 99
17 79 13
25 2 9
65 89 98
92 40 17
96 10 58
77 75 53
25 76 48
97 40 88
43 99 74
30 41 28
51 36 99
95 33 26
19 15 33
11 10 80
91 77 63
78 84 95
12 98 95
31 8 81
11 69 57
63 18 95
93 73 82
89 41 20
55 71 19
52 69 42
21 60 67
86 14 22
98 6 75
79 7 62
30 29 57
43 81 99
28 53 36
2 21 41
97 70 4
65 19 26
90 70 34
63 75 34
4 47 5
96 55 72
13 46 10
74 77 38
95 61 13
61 6 25
93 62 88
94 62 11
97 10 91
41 67 73
20 2 14
83 77 98
84 71 12
51 16 83
81 38 96
91 61 19
92 80 87
23 76 96
58 85 42
4 78 15
84 32 46
10 34 81
98 39 27
90 37 82
99 41 62
78 53 78
30 44 90
75 55 81
73 43 35
73 81 29
0 42 24
81 45 30
75 40 70
35 64 17
31 47 82
44 62 13
77 97 48
73 66 59
45 58 69
37 24 17
67 48 15
83 25 47
30 5 25
34 29 37
95 88 7
49 32 95
29 11 42
47 74 14
4 45 66
52 58 41
33 69 55
35 55 45
23 17 75
13 64 42
55 82 52
8 88 1
99 3 95
28 95 81
4 92 13
89 84 47
91 83 54
17 17 24
34 98 65
68 47 78
20 39 43
14 89 2
42 33 8
99 13 4
5 77 17
13 55 55
73 7 6
20 14 88
51 39 32
52 79 8
62 18 5
59 60 85
55 48 15
64 38 29
23 8 13
1 22 6
50 22 86
96 33 27
83 83 38
92 3 36
90 47 68
57 61 15
20 60 75
26 63 84
19 77 72
34 92 25
20 46 63
76 47 70
60 83 20
45 12 15
37 29 63
61 12 61
1 94 5
0 15 62
70 91 100
82 47 30
38 96 19
71 86 34
34 27 91
48 46 58
7 62 58
68 88 23
4 79 33
23 36 86
78 71 68
57 59 38
36 87 6
57 26 71
81 14 29
22 45 39
53 76 77
55 12 25
31 83 25
35 72 76
93 91 57
74 98 45
23 70 19
2 67 55
98 38 32
94 54 91
48 62 3
21 61 42
73 6 68
45 24 7
36 22 35
79 37 2
53 80 34
38 18 74
94 29 22
97 48 53
28 74 83
92 7 98
50 42 68
77 83 58
87 22 56
66 26 38
83 27 46
13 47 81
22 21 46
94 6 97
9 72 95
14 10 10
79 88 11
35 68 35
10 33 56
8 78 93
12 88 91
68 88 5
52 37 89
33 56 65
87 63 16
2 76 15
87 78 17
4 84 60
63 5 13
27 23 72
61 87 41
82 28 71
36 86 34
10 32 14
8 92 17
54 12 86
69 44 38
52 39 2
82 97 70
24 24 77
53 61 85
4 25 17
100 89 96
33 12 86
22 89 58
65 83 43
13 69 20
49 43 41
54 28 31
14 63 94
19 32 19
30 61 23
49 2 81
67 67 62
100 27 67
76 77 73
41 5 75
88 98 54
5 47 66
61 29 41
89 86 90
96 46 9
56 82 23
94 7 87
95 62 96
18 18 95
28 1 34
81 79 13
66 96 69
16 15 64
51 57 31
2 94 46
23 60 91
4 57 29
100 39 9
4 11 83
81 13 32
15 29 66
70 15 34
49 79 11
78 12 41
50 45 96
49 47 74
58 99 46
84 48 1
85 13 84
77 65 16
56 30 6
44 26 6
81 88 84
26 7 46
83 77 15
22 34 52
39 72 57
62 48 83
28 12 87
86 75 33
100 84 72
18 75 3
62 46 1
1 23 28
64 85 30
33 20 79
16 11 38
77 91 2
27 69 53
81 8 37
13 15 91
33 84 61
93 73 87
42 58 87
45 24 72
56 61 7
77 89 75
28 75 45
67 1 56
29 16 45
98 4 46
1 12 64
7 52 33
5 4 81
45 62 57
52 72 19
34 92 69
16 54 82
27 6 1
7 68 97
38 18 100
29 2 60
15 27 85
97 69 86
51 65 58
33 35 34
61 11 61
35 73 75
100 90 10
51 46 69
83 81 21
21 89 97
18 57 73
47 85 3
47 32 85
55 2 71
63 90 6
76 86 17
19 67 40
86 7 52
99 70 27
75 83 75
73 4 82
66 43 12
53 90 67
71 75 75
65 34 26
99 61 22
72 53 57
26 20 90
69 96 3
65 39 45
81 16 88
28 96 15
98 69 74
49 78 52
37 54 52
41 87 80
37 17 62
47 12 95
88 5 55
29 25 59
84 79 48
98 83 39
24 84 57
53 5 47
45 70 62
3 96 47
67 43 16
71 28 4
0 27 62
36 98 30
90 76 61
55 47 53
66 68 37
13 9 61
59 96 91
81 4 75
87 81 48
99 99 99
96 74 56
28 13 37
18 75 8
19 38 41
48 38 28
21 84 62
16 86 48
15 40 98
99 70 86
11 60 98
81 64 71
88 55 34
38 4 1
34 5 87
53 70 66
12 33 57
4 64 27
58 20 9
87 21 91
36 64 15
66 19 66
28 16 5
45 58 33
19 61 77
57 64 92
41 9 44
93 21 57
20 11 46
47 92 81
51 72 5
19 90 69
55 36 81
36 98 27
65 77 35
69 74 98
70 88 73
57 10 21
0 34 29
97 37 34
60 86 100
88 40 84
69 3 81
53 86 23
59 31 96
6 57 10
10 72 100
36 32 85
95 82 27
81 64 70
71 81 41
52 29 5
89 80 48
19 54 59
46 59 25
19 71 93
68 82 88
57 58 89
2 48 25
58 58 81
93 79 38
100 89 79
12 65 66
29 21 13
34 29 29
82 47 46
68 45 5
56 48 75
87 47 83
23 65 87
72 82 11
78 23 25
22 84 76
87 37 39
52 23 15
86 54 55
83 21 71
30 5 55
18 22 25
39 5 87
21 88 44
61 9 64
19 78 93
33 39 73
34 38 11
66 22 24
0 33 60
76 58 19
75 37 68
87 63 13
